⛔ 1.Рыцарский:                                        
Август:11, 13,14, 15,16,18,21,22,(28,29),30
Сентябрь:18,
Октябрь:4,
⛔ 2. Vip: 
Август:11,12,13,14,15,16,17,18,21,22,29
Сентябрь:12,18,(23,24),               
⛔ 3.Классический:         
Август:11,12,14,15,16,18,19,21,22,23,27, (28,29),30
Сентябрь:12,(24,25)
⛔ 4. Восточный 1:
Август:,(11-ремонт),12,13,(15,16),21,22,29
⛔ 5.Восточный 2:                                                                                                                    Август:13,14,15,(21,22,23),30
⛔6.Японский:                            
Август:(13,14),15,20,21, 22,29
⛔7.Гостевой:                      
Август:11,12,13,14,15,18